1
1
2
2
23
42
53
64
23
63
12
24
0
14
 4.0000000000E+00
2
2
4
4
14
76
45
75
75
34
34
34
15
20
 6.7000000000E+00
3
3
3
2
34
75
75
35
65
34
76
35
73
5
 4.5000000000E+00
4
2
2
2
54
34
3
24
5
0
11
22
33
17
 5.6000000000E+00
5
3
4
3
32
5
7
58
95
47
94
45
74
8
 4.1000000000E+00
6
3
3
2
5
7
9
3
7
8
5
4
75
15
 9.9000000000E+00
7
2
1
3
1
4
6
4
7
3
7
3
76
4
 0.0000000000E+00
8
3
2
1
4
5
6
8
4
7
4
74
78
20
 3.8000000000E+00
9
3
2
2
41
65
73
73
73
73
46
46
46
12
 8.0000000000E+00
10
3
3
2
35
6
4
74
7
4
6
46
34
13
 4.3000000000E+00
11
1
2
2
23
42
53
64
23
63
12
24
0
14
 4.0000000000E+00
12
2
4
4
14
76
45
75
75
34
34
34
15
20
 6.7000000000E+00
13
3
3
2
34
75
75
35
65
34
76
35
73
5
 4.5000000000E+00
14
2
2
2
54
34
3
24
5
0
11
22
33
17
 5.6000000000E+00
15
3
4
3
32
5
7
58
95
47
94
45
74
8
 4.1000000000E+00
16
3
3
2
5
7
9
3
7
8
5
4
75
15
 9.9000000000E+00
17
2
1
3
1
4
6
4
7
3
7
3
76
4
 0.0000000000E+00
18
3
2
1
4
5
6
8
4
7
4
74
78
20
 3.8000000000E+00
19
3
2
2
41
65
73
73
73
73
46
46
46
12
 8.0000000000E+00
20
3
3
2
35
6
4
74
7
4
6
46
34
13
 4.3000000000E+00
